1855
2776
2421
1792
3926
6605
5298
1889
7469
5406
9376
9739
7336
8941
7153
9885
6232
7770
9777
3899
6998
9040
876
4581
13
3362
2197
7119
3186
4842
483
9626
99
1002
7418
4679
2270
6255
9358
9003
4843
6575
3550
2237
4263
9196
6627
627
5641
862
612
5419
6969
3683
6030
8143
2428
3131
2310
4842
287
2539
2123
5545
6856
938
9704
225
3667
4400
5564
3860
9052
540
4992
3873
8020
5354
104
7642
8748
8889
7309
8084
8554
2112
3201
4494
87
7621
1054
9935
2587
9579
1246
2219
5351
3032
3265
544
5323
514
4511
8679
6296
180
9048
6083
337
3166
561
9303
2698
5242
6926
2848
9653
5298
8125
772
1582
1052
9324
1797
2222
2437
8858
6812
895
8061
4504
1787
2805
1284
6929
4394
4369
1819
5546
7296
1766
2768
5514
78
692
9906
8398
3036
1770
5500
1942
231
2195
9695
5028
4025
4414
9887
7969
2564
3067
8905
9339
6099
2979
974
9123
5320
6534
8573
4188
4775
5597
2955
3786
3647
1158
715
9088
2812
9980
1110
6900
792
3461
5478
379
2384
1617
7897
89
6462
9163
3895
5294
659
9246
4626
8927
8895
6306
9142
7365
4025
8285
1610
5881
172
825
5425
6109
9824
8161
767
7114
5888
9306
7619
6679
3260
1780
5643
9667
4962
1460
5775
1486
5249
7729
2
6369
7752
3108
8352
1631
9743
5718
7992
663
1909
2200
9845
2540
4215
2073
9948
8219
7538
5919
5746
663
1531
5486
3462
3785
1267
214
9714
5397
3871
3215
1610
2259
1429
2134
2169
7374
8921
4911
5974
5732
6313
1793
6225
5932
814
268
5456
207
8426
4890
8109
6719
6430
2259
4315
6680
50
2487
9330
998
7976
1496
9374
7322
5791
8008
8094
2227
1250
6692
8830
7125
422
5137
5696
6379
2456
1560
6610
87
6334
7463
1710
1257
9299
1167
9238
8474
8954
833
388
4210
334
9153
1955
8249
1637
5442
9496
4328
3978
5180
7291
1030
3910
5219
319
1861
7351
4873
6510
8373
6993
611
1633
4957
601
6344
1676
3508
4023
3828
1561
4651
1809
7637
8471
9434
4009
8745
688
9699
2907
7973
57
8597
6087
3794
635
8265
2981
6454
3008
3546
6222
1662
4656
9139
8170
2720
5018
104
7701
8702
2751
1984
8382
1055
5183
1057
6371
2029
3195
8499
1813
9181
4398
7637
6104
671
8231
2610
3675
7094
7180
28
2634
9398
4924
3831
1317
6102
2726
9460
1773
2021
8427
5365
5375
1755
9133
2772
6032
9262
6090
8109
7063
2547
6882
3150
9328
9419
9318
3061
5603
1370
2506
5896
6958
9059
1921
7045
2657
8573
1983
8336
2414
1796
3279
9842
3922
55
9805
6098
467
4063
1869
3719
7005
210
11
122
5538
5694
7917
7011
8834
226
6218
4424
724
2795
8060
46
9357
5685
5107
4235
4935
5993
2441
7121
192
5204
5238
4231
2089
7595
7317
348
9017
9743
1232
4348
6743
6212
3129
4650
6362
304
7394
4442
442
6601
5118
3954
6346
4279
8033
459
7884
7000
9437
9548
1857
4195
7447
5083
537
8532
2544
1966
1088
9578
4970
720
9236
5475
882
2523
2825
5623
9375
9352
7628
5274
1981
2184
2215
9313
7087
3544
9925
570
2436
1858
9227
313
8725
6014
3501
2136
6243
2564
8229
5760
2645
8591
6582
5440
1177
5173
6655
4117
6349
6244
3321
7962
7790
6983
1682
4803
7883
2230
4091
1830
6783
4261
9900
3066
7653
8219
5729
6264
1303
6149
1798
5940
51
5017
7617
7005
3988
205
666
4690
9239
1428
2826
6795
7362
5769
1894
1921
9861
3372
9727
3987
9120
3696
3963
2182
195
5842
2867
4816
4391
5152
847
697
9719
3740
1931
3263
5398
8345
1436
8790
4224
6517
6810
7120
1980
2690
9248
1498
4125
1501
8850
3983
7714
817
5929
2215
6888
4513
7193
3623
3617
307
411
7635
4123
6540
5970
8904
1009
4361
6571
378
4252
1787
9693
3304
3671
9049
1790
3610
5656
2284
5576
186
5908
5345
9217
3123
3125
951
3
7167
7637
7472
5373
2555
4702
9644
3220
458
939
3419
4412
9656
4116
7262
6061
2856
3946
1178
3300
8061
6374
2849
7828
3709
7915
3269
1140
4768
9485
6989
4089
4272
2251
3814
511
1040
7053
2371
2506
9725
6227
5788
8259
8390
1631
702
1810
1
7814
6412
5713
9297
2896
12
7369
7722
4625
8152
7356
1488
9407
128
7481
1560
2408
1395
8464
1899
9852
3473
2580
2282
2664
4757
1171
791
8758
1289
5610
3066
2938
8016
6571
1798
2207
687
8348
9107
9846
5692
6890
2622
403
7611
8332
8654
1979
275
9267
7062
7241
8404
5622
1626
6232
3441
2717
2828
821
1330
4537
8957
2545
1057
1321
1782
6703
5472
38
1341
5167
2814
2943
2245
8773
181
1159
2693
2325
905
1797
8814
6615
7119
1265
2106
8164
1542
1607
1545
4445
7923
8634
1027
6858
9908
5001
3786
7419
2041
9195
426
2847
9248
9043
3622
566
1927
310
384
1791
4590
785
5393
2459
5440
1033
7901
9983
5026
374
9785
9810
4056
4333
2636
2623
5691
613
6441
2228
163
19
3499
231
3275
2292
8253
1307
2778
3929
9864
3235
522
776
4388
7676
4911
8950
1530
6560
1425
1987
83
5305
5780
3216
406
8158
272
76
1963
2773
8920
1517
1669
8768
1073
2531
7257
764
4999
3892
8851
8946
267
1481
8410
8471
5746
4874
4896
9113
9877
8711
5498
2241
9280
3335
9679
18
5862
9782
1212
9032
4710
2124
3651
105
1550
8651
9259
2784
1879
8722
8909
2776
8316
1393
9236
2866
4952
7972
5552
3372
6740
1413
5177
2746
6218
371
4450
1402
5716
6209
4362
1597
4674
6091
7493
3853
1333
7875
4952
5349
7115
1238
9162
3391
2725
8795
9595
8993
4324
8545
4513
1654
5515
2327
4775
8487
2500
5615
3404
9549
4065
6753
3753
6536
5157
6613
8152
9229
858
2914
4279
1905
9329
9636
5852
7888
9529
3064
2822
3831
434
8259
9618
9321
1420
5072
4234
5804
1508
7238
2987
7321
4461
4969
7727
9768
3806
2112
2683
4280
1022
4432
1671
1709
6225
727
6631
5957
8191
4081
1394
9327
824
7233
4069
1402
7616
3284
6781
8856
1454
543
9781
5353
9306
6732
4609
5738
5815
3716
8845
9426
9393
9465
8275
2284
4764
6103
9767
3237
1036
1064
803
4651
2568
9166
5094
6471
3715
2651
8947
1335
3645
7847
5501
1311
4862
4721
5942
5400
2713
9462
69
8730
8308
9424
6808
2155
6832
5958
2098
7001
9435
3109
762
5464
3823
7274
8707
9844
6365
1211
8618
1687
6749
7844
6848
5450
9556
2825
9162
3864
933
9812
1431
2846
9252
362
8829
9287
1546
8154
1114
5553
7108
4727
5774
6424
470
7358
2177
1429
8555
9003
9138
100
2375
9258
8596
5274
9180
7565
2012
6686
3950
4041
1470
250
7335
988
9280
4238
5611
4267
399
8919
2582
8536
6092
3296
6027
5845
5675
1944
1454
5224
3971
8804
7370
661
3974
4850
4605
2116
3586
5249
4685
6560
1600
8752
604
7191
3036
2166
216
1274
1136
4329
315
8155
8208
1577
4999
2485
8604
7302
1820
544
7695
9436
6667
9837
3605
1201
385
6544
9439
9204
5469
1414
399
7722
7313
6702
9729
1532
8023
729
7346
8555
112
7533
640
2696
1898
1998
9569
2664
227
7011
6711
1724
9467
4065
5392
7733
3795
9005
2291
5746
4457
3124
977
2602
7009
1767
7578
4196
8032
3744
3764
4171
2107
5325
355
2482
1881
9722
8452
1278
5062
9073
9932
3212
8027
414
1029
823
1427
7759
6742
6215
2043
1297
9012
7036
178
9703
8467
6856
6013
6108
3581
9057
2692
609
1047
3405
1055
1970
8467
3808
5310
4008
1719
1068
4649
6504
982
1827
6787
4520
9830
3050
8930
1178
5768
1066
8496
9944
7220
7699
9931
4933
2040
326
3724
1089
1441
8841
9958
4601
6274
9382
6139
4015
2718
3295
5735
8151
9799
6968
2732
536
8263
9608
342
4715
8331
887
1174
5018
4976
8635
3957
4984
292
1118
9208
6737
4654
4607
5599
758
4593
721
6811
807
8481
8050
5338
9889
74
767
1996
9193
6604
2805
8680
4012
2379
8107
6403
633
530
9696
717
8264
9512
7325
9141
6936
1573
4129
7950
788
4446
692
9118
3645
659
1986
2655
2696
422
5376
4103
1387
9562
2777
4824
8485
8414
4481
9057
1757
2193
717
8791
3408
5368
1777
1859
9946
2496
564
2312
4726
1054
2425
187
7209
4625
7785
8421
6584
8707
9498
998
4129
1975
7980
9076
1098
1791
1512
2125
2051
1810
2382
1148
4037
1799
2039
5330
4613
6250
2364
7186
8106
7455
5513
8304
4072
3915
4207
2566
7177
8873
6284
1262
2349
9719
2434
7158
4724
2134
7748
9944
1768
8155
3189
2011
2308
1350
5782
9718
6189
4551
6179
9486
3315
8797
920
1244
8510
8507
5711
6459
4511
3
8545
8464
8735
1552
2547
4104
8518
6672
8248
5355
5426
541
3150
6786
2197
913
4161
1166
8902
9515
2525
2548
8838
6138
2354
3855
214
5874
3724
4814
8394
941
8239
1651
6409
7352
5540
4235
7262
4798
4326
282
1002
2587
1400
4835
2746
812
3970
3615
4900
153
4865
7950
7055
1406
6852
9134
5135
5718
9651
25
1552
8127
8388
5603
9077
1285
6265
3754
1450
6940
6220
9801
285
3341
6740
7806
1209
202
6322
355
7141
4888
9828
7999
7922
5380
6571
493
1346
9392
8405
5627
9213
6191
7037
7789
6388
648
1624
428
3061
1856
2280
2026
9647
6837
2362
6375
1373
1463
3879
2294
275
901
2004
3219
6707
1200
637
6595
2202
9746
2774
8973
5969
4825
8129
2706
5364
9403
171
6539
1330
7490
9736
3788
6162
9206
3061
221
980
2679
2272
3848
8621
2776
8201
5264
7245
2322
137
2076
4603
1311
8356
7713
1236
6877
1750
5503
7813
8742
5592
1755
1688
5579
4481
6504
8562
6962
6348
274
1403
5460
8698
9844
1999
3139
5122
1696
8658
8145
1224
4761
4719
1615
1543
5774
3818
3909
7771
2307
2239
4342
7297
4266
6101
8642
5812
435
8772
7949
8117
4644
646
9537
6879
2540
2979
742
8578
9369
3917
8328
1883
9378
2877
6006
3384
2229
883
8673
1256
4539
2750
8099
3335
3713
4684
5536
317
8811
2425
8556
6195
8148
6637
1371
9376
6527
9167
919
1633
8993
1553
6999
5093
2021
1489
823
4258
8695
7418
6227
1993
6421
8265
2169
2616
1500
4528
2903
4949
442
3269
9563
118
7955
7107
6088
4315
6622
1900
5368
5609
3024
7684
2010
6022
759
48
6207
1124
4379
3467
2242
902
5627
8696
3979
21
3938
5818
1466
2527
237
9021
1525
7305
9874
3720
2871
8617
2340
3577
7865
6471
4256
9994
284
4187
5699
361
4004
9110
7778
7604
2693
142
4137
1767
5405
5734
2686
6886
9515
3158
3973
4596
7824
9887
3283
6110
2615
7898
4565
9675
235
4787
9982
294
8761
1909
23
9704
466
9392
2726
813
2438
5416
1398
1082
6837
1481
5247
6049
2425
3870
7579
3091
3785
9891
6842
1355
9498
3779
2333
6950
4277
5866
3033
1263
7361
9442
4517
4051
7241
9474
8009
6734
774
8906
1224
9636
3120
3545
3853
4022
9257
58
1339
4539
9854
3464
524
7088
9291
7660
7383
1872
654
7860
1234
6333
2751
8685
1082
2744
9715
7870
9595
1067
4513
8993
6260
6208
3092
1716
5436
9115
395
6981
8708
5657
3669
7030
4790
8077
4938
5000
9814
7498
9530
1531
5386
1643
6120
1981
3493
5845
1279
486
6228
2934
5903
2240
8340
6357
3042
9060
8573
9577
9568
159
6926
5266
6799
7402
4536
5752
6454
9957
4752
5718
9870
4747
8418
2261
4117
8478
1168
1720
4908
8715
2542
9674
9886
8550
8636
7252
9008
3771
8295
7742
2492
2622
2191
7873
4493
4175
2493
705
8569
4619
2200
8208
1315
5166
9753
2139
8765
6325
2245
3734
1033
6133
4399
2984
7582
616
165
5210
1225
61
6099
2340
2193
925
5392
527
848
8210
4132
8773
7227
2877
5962
3949
1091
6784
4317
5403
5155
3325
1953
6358
7063
3442
9430
9615
1164
9607
2313
2920
1431
8349
3752
8706
7447
4731
5240
7451
2904
1416
3865
9132
5613
8245
931
9116
633
3174
8454
305
2180
5304
1801
3079
6472
7778
4605
4502
6557
6979
1177
4329
2381
2107
4713
1867
1297
7917
18
79
2225
8403
3094
1622
6390
973
6109
6564
2106
7847
2857
4604
4562
3711
6018
9341
2769
3036
875
9243
2533
8484
648
9607
5510
7183
2125
4863
9815
1310
9156
1773
939
8315
2882
2255
8653
2709
4421
3114
6076
3146
7136
4403
3257
4692
6741
4289
8343
5052
1192
1664
555
7252
6264
9654
1099
8847
1335
6145
7090
8600
2385
5862
6436
5526
6494
4439
1660
1499
6950
6702
3086
1283
4709
7600
1669
6867
8703
8367
5467
7644
1741
1981
9954
4949
977
6239
3398
427
4371
6680
2558
239
2848
2680
8862
5531
2726
9209
4931
1176
1731
5304
4063
6789
86
6015
2116
8259
5417
133
7257
4195
6774
5427
581
1263
835
1770
5686
3899
4131
9279
5323
6686
7542
211
3172
6577
3842
1970
879
1462
8225
4049
88
8167
4545
8860
768
1246
5040
4159
8389
4551
2983
4148
7593
8221
2241
6663
7466
393
2398
2472
7202
3407
8837
7375
1278
1523
4129
5159
5395
5374
8534
10000
8046
1977
2118
7956
1806
4672
6564
9035
2603
9354
5935
7848
1279
1638
7269
5187
1107
1475
4406
2142
1849
9249
3674
5496
1852
6629
7153
5159
2672
1673
8455
780
5492
2762
1502
7371
1285
2592
1970
3218
5113
4935
4081
4930
3004
6585
9710
336
2037
1339
5895
1198
850
8530
9034
4909
8109
5754
2884
9033
2548
8442
4729
9998
1243
5203
1944
5052
6646
5397
1551
485
4925
8235
2037
908
9360
3454
12
8149
356
7291
662
6453
7877
5933
9881
2796
4547
5416
557
3874
3719
230
4724
2159
5972
8982
2639
6081
1266
7897
2315
2709
8262
1357
2596
2351
1316
1588
2123
9029
9065
3622
4617
9145
7686
4630
6201
29
6876
4102
2613
3949
4682
905
7408
4919
4476
6752
4626
8646
2767
1629
7097
383
9052
2835
6994
4182
1495
5904
9148
1678
5864
9594
6553
4793
3159
6292
7460
3251
5658
6779
3554
2216
7148
6598
2573
6494
8130
2258
7927
5462
1606
1897
9992
2753
7169
3635
7700
1385
75
5678
2766
5156
583
9399
8428
7575
4078
4707
467
1356
4129
7364
4147
8133
1293
1241
5302
5253
8148
4538
5078
6169
4662
8
827
8316
7805
2853
7473
8785
520
3026
6905
2169
899
611
9335
2650
3857
7712
6502
4614
9564
1096
3177
6169
860
1985
5722
777
7462
8693
216
6818
3552
8013
3580
996
7409
9843
1697
4371
7330
2938
3303
38
3735
3703
2447
695
255
1702
4434
8320
4366
1144
9480
5847
8708
5969
4342
7811
7166
6499
6724
7798
1551
8365
2542
1839
6436
9689
5804
7561
1110
4337
4271
9204
3689
7557
6039
6247
1856
3749
8718
8346
2347
6183
3827
9560
402
6394
1003
1024
8443
5738
4152
664
8743
6485
6036
7643
9473
2572
6926
3703
7424
8581
4080
6122
8170
7351
4700
7767
9264
2727
7822
5445
4523
5189
1398
2233
7767
1184
1513
4446
3565
1221
6015
2292
5601
2316
8880
4462
674
9165
7602
5142
9110
4562
3994
893
38
2107
9950
3300
9641
8689
1376
532
476
362
8966
7190
7708
5505
4654
3069
1100
8794
7395
553
3592
6659
3510
3784
3761
4412
2041
3731
3985
1991
6548
6644
3239
2751
7199
9137
7530
356
6178
4529
983
1439
4192
5578
7830
578
4796
6403
9593
1513
3430
2871
2772
5413
2756
5858
1053
9432
4520
235
7470
4225
3042
1072
2376
9325
9810
6668
1630
7745
4377
2358
771
6337
1442
5073
1419
3297
4613
4079
2688
2477
6953
873
1234
2946
4441
8941
3073
21
9479
7638
9409
649
1938
6974
2332
8668
2721
5509
9939
7516
4887
610
8764
8646
1405
780
1975
7622
4735
4225
2282
4971
3473
8568
5012
553
9784
8837
5557
6287
1553
3148
8637
2568
2974
4931
5262
244
1586
3624
4176
745
2510
1265
1673
2682
4418
2746
6662
276
2903
1659
160
6810
8591
5359
154
4564
2319
7449
4474
2774
2715
2433
2006
1906
9085
6457
4621
2358
3820
8181
7749
2271
779
9483
8624
4492
9854
7673
2532
893
8573
2465
7255
5340
9669
6916
2846
9881
5700
1161
3604
6991
6065
5931
1326
898
9379
6370
6014
8599
9142
1170
5729
3115
4349
3975
9929
5857
7217
3866
7494
9651
3030
9242
695
3816
8682
8132
4404
6148
2446
2829
5658
4450
7608
6284
4644
972
9165
6655
6086
5550
4653
9109
74
1116
2939
9368
4751
8907
3911
1769
8904
2003
5948
6929
1704
5584
3
5425
8741
1230
7676
6505
3740
5175
9411
1937
4261
1731
9891
1933
9307
5
6142
7101
9092
6625
1395
1112
8080
2746
2571
694
7932
6736
7980
1926
2398
8165
871
399
4408
1902
3833
1388
1203
3286
6616
4144
145
2037
5387
1745
784
3383
8523
4182
9043
55
6294
5756
4697
1704
207
2830
7210
894
3664
9759
3404
8936
5144
1337
4197
8065
4293
4725
4590
2684
9190
2455
2932
4035
9256
39
7970
2486
5050
7524
447
4085
1677
2694
7487
1097
1112
3861
8833
5776
561
60
3186
6435
4999
4747
4461
8303
3241
3271
2517
7411
8584
177
7057
3889
115
9905
2978
4868
6115
5985
7563
6267
2733
3548
5042
7137
4352
3908
5209
2477
5863
5396
8671
2065
1206
5642
3510
4808
9669
5202
650
9371
495
8087
6403
3911
885
1752
3218
2720
872
7951
4526
2057
9588
1624
3851
1096
1193
2050
6924
1567
3707
6050
2256
2714
1197
5189
8836
4495
6235
9005
7675
8439
5902
5334
2667
1080
2081
7566
2075
3295
9747
3423
3959
8511
1111
2047
5232
5237
3379
7843
8118
9960
1526
8804
7693
4213
4094
3593
666
3158
6820
4297
674
136
5619
9504
8161
554
2137
533
2886
1841
680
3287
8769
3458
7066
9940
2327
5188
3139
4873
260
9339
4917
1108
7181
5041
3104
7335
5577
4663
873
2503
450
6905
1139
5093
964
8859
4348
3966
819
9159
8722
649
2324
1233
1005
4880
5643
4387
7570
4723
649
8377
9059
2701
4832
9376
10
2400
2437
9996
7298
949
373
3207
3855
2141
279
2356
3671
14
4142
8524
9841
6
8062
1508
1875
6269
4632
1244
7306
1211
3149
63
1151
5214
9575
667
7265
6045
2413
3977
7069
4049
4667
5296
2690
5351
6318
8163
4437
8403
3059
2640
7060
24
3866
7561
509
9
9664
2407
8677
7813
1383
1347
4668
5527
1431
1790
5214
6084
4533
214
1274
1507
1264
4901
3666
5573
3995
7912
5663
3032
1415
852
9259
599
9596
5296
1957
9794
6087
5592
6681
8887
7005
4376
3064
5039
4246
5259
4226
4714
8941
71
8565
1697
1709
1245
1835
8545
2121
8470
6071
1334
4797
1831
5044
7219
9462
1993
4374
407
4250
4407
3541
3303
8955
2071
5726
2486
5841
725
5643
8596
4910
2122
2874
23
4252
854
800
821
5078
4407
7347
1833
4118
4849
538
6635
9083
5334
8910
458
3456
1149
311
3913
6379
8160
1913
8314
2504
692
6070
632
2429
7389
9845
2063
2579
8117
7024
9954
8884
2205
3190
7331
4204
7969
9712
4270
1302
5840
1773
4326
6198
966
909
5091
1180
5863
4887
1620
6053
3118
6495
867
9284
5347
3669
605
1508
6588
1327
9784
933
4091
745
3355
1388
7398
6390
2429
3636
7711
3904
3116
6980
1972
3101
8787
7853
378
7813
4772
256
2528
7542
5671
6902
7975
2547
1322
9120
617
4370
5280
656
7135
5182
1830
9115
349
3523
1176
3835
9953
4135
2724
4448
2313
4691
226
482
3069
769
4602
2357
3619
2433
4688
4098
2545
3093
6452
477
7163
8504
5744
6301
3566
1807
7606
1493
3559
5948
995
8354
4777
7317
184
9289
438
2125
3942
488
9699
3968
1769
1625
8992
3640
8928
7422
540
2964
2982
5316
2921
8606
5893
6262
4267
9114
2155
4689
12
2531
377
5721
4552
7106
3705
8353
8107
1867
2528
8264
8857
5091
4825
3843
2822
9959
7971
5227
2830
7544
3079
8329
3019
5685
7307
1708
53
2478
3168
5345
5753
2700
4945
1954
6180
3809
5631
5432
2735
574
1775
6912
1159
8896
6088
5201
1177
163
5495
2798
4233
6765
1831
3833
5664
9857
856
432
4000
3981
3282
9237
5603
7813
6488
8215
1746
8244
7157
875
117
9065
635
9631
9616
8764
2584
1894
825
3238
9536
2690
2894
2145
8141
4604
1290
6185
1562
2721
7811
3814
5671
2545
7278
8087
7856
5157
166
3705
7537
3811
8012
3152
7874
922
8666
7006
7142
5527
6245
3194
102
1885
7015
4240
256
1432
7280
5881
7800
7440
1164
4071
2348
6227
1978
1576
5127
962
6444
7989
5364
396
2732
7447
6052
889
5897
8772
9191
9509
3614
915
2657
9377
1826
5718
6495
2908
1382
6923
3677
9461
1839
489
8782
3392
3286
8179
3163
4552
464
9318
2526
6848
2633
1122
3336
2090
2401
9701
3549
6622
9878
4285
6488
5129
5112
528
5848
6008
9397
3766
5487
52
8804
1016
8928
2100
138
306
1812
8499
6359
4788
1134
4004
2236
740
1228
2260
8831
4371
8334
3926
9314
9770
1683
7030
600
16
9564
7383
8131
8000
1645
9188
527
3523
5954
8184
935
1803
9465
3280
7238
7283
6198
707
5982
7323
2118
387
5046
6787
9671
6013
3527
3795
5501
3137
6807
9346
5473
1542
9269
5843
8447
2215
5156
5005
824
5947
8423
4774
342
2708
7246
3422
3412
7170
7484
5913
7462
6137
5622
1743
8191
3222
4973
2060
7008
1467
3360
6954
4649
2983
6575
9142
7827
8998
2781
7819
3628
5571
8432
7165
6034
6607
1304
6386
8491
2247
7997
412
3969
3071
1947
5758
5133
2961
7042
2522
3315
7715
8759
4615
1348
5451
4501
6414
6659
9906
6773
8237
7595
954
3261
7699
6792
3880
5990
6167
1851
6615
3835
4844
2817
1105
2729
22
3734
283
4553
8372
9995
5909
7211
4948
6918
4367
4404
9433
1035
9548
279
1118
7606
389
2020
5741
8516
700
1074
6298
2618
7486
7076
3445
787
9896
7293
3347
1683
745
790
4959
6325
5258
2023
8498
8662
6424
7958
6411
1455
6056
4780
7147
3708
7540
5055
3770
1353
2924
9142
8393
4384
3616
4758
5317
1322
1961
997
4740
6059
7512
7443
5279
520
7294
765
9010
1913
1638
6387
7273
8239
6258
6599
5277
2460
6087
763
1120
9786
5796
6509
7981
7906
1245
4477
9900
2232
5488
731
1122
713
9492
6507
2675
3584
2460
143
2962
7197
9947
4883
4264
8525
8108
5764
670
7792
4751
7001
9120
614
3873
1084
1886
9560
213
1790
4842
5892
8575
1650
1948
3655
9408
9950
8181
1326
1411
737
4777
1835
3127
5851
9222
3613
7346
8280
451
9176
2077
1886
3472
6434
1053
9865
318
6216
7268
1424
9705
6628
3382
8065
5116
2153
9122
3262
2866
5340
60
5108
6358
6715
5167
2567
6231
1119
1701
2068
4391
8388
4653
2426
486
8612
7556
824
379
3750
466
8238
4891
283
3707
4089
4483
9694
8539
6992
7939
5918
3999
5769
9905
9446
9060
8885
2509
3053
4658
6938
5811
4375
8274
3418
8402
1319
7663
887
8597
546
9761
1892
4916
5806
1328
813
642
7889
8072
1879
4352
5868
4350
7743
8665
8637
6571
6545
5177
5185
1497
4217
155
2784
9305
5518
2707
4141
5662
3460
4809
5496
8650
2771
7912
2098
503
8500
8461
2513
7239
2392
3301
7229
8777
5758
1137
518
7273
1522
8467
2674
6448
4612
6775
4452
6865
5478
2955
6785
2608
9560
4444
5724
2932
598
7583
6879
7140
7508
1101
3669
147
33
2022
8518
1134
1944
3576
846
941
2993
1864
798
9806
5519
7915
8770
743
6114
5279
3666
5293
3503
7139
9112
6679
1808
2599
627
7359
603
381
4264
3049
5806
631
1439
7686
2524
702
5055
5591
9347
2337
2968
4854
4378
1244
7607
1457
5735
7904
5155
5249
1400
1063
2368
3234
378
7474
949
4420
7930
9083
6955
3159
1869
6988
342
414
783
6150
7922
7902
3925
6725
3444
3874
6234
4755
3357
8375
956
1905
3577
8770
6352
4198
1728
8447
1419
49
2364
4263
9019
5836
4596
2996
8746
3581
5
4362
1287
2338
5579
8137
2213
4804
4991
4949
8273
1403
4941
1273
4205
1620
4255
8188
6459
7533
5666
2277
4749
7656
5773
3567
7889
2401
5562
4223
5905
3020
1939
4637
952
5665
1840
2296
2508
1269
6946
5466
6140
1354
1408
6005
8109
8315
510
8016
8558
8673
3042
9228
9526
4794
7103
5079
1151
6070
3666
9673
64
5800
9582
5342
1030
9042
4365
8589
5871
527
2850
2826
7366
6957
7453
7425
961
6168
9241
3293
3577
469
2242
5198
2245
2239
5638
796
7529
4852
8034
8614
5990
2222
1197
1340
3238
5536
1555
6351
2193
6724
432
361
7357
5179
2366
3179
584
1997
7117
4602
2111
8631
2839
3893
1733
561
3958
4998
7058
2392
282
3798
9671
2980
3343
9956
4215
3858
2644
1696
6608
5696
7196
7317
6013
4461
1898
2116
1213
3587
7083
6695
404
1325
1491
4189
9470
5490
8430
7247
7781
3245
9655
9551
7365
7483
5361
9033
1881
9190
3016
842
4692
8769
7493
5087
1852
6193
6863
1848
12
1757
2142
6947
1999
7946
8645
3962
5504
970
6023
1738
2510
6004
477
6344
8499
7286
3672
9444
7328
611
4108
3774
3171
3886
4853
5853
7347
7148
8387
1094
3109
5876
9255
8627
8383
4796
2667
5189
7794
7829
8626
1170
6189
4307
5201
2515
3214
5753
4561
3777
1948
2393
209
3956
3255
8247
3246
7529
4287
9942
2618
5876
9509
1605
5238
1852
2381
464
5067
845
2864
4646
2713
4568
9458
8800
9071
1607
6918
1112
8439
3131
6723
1106
6802
4856
8628
1872
2756
959
6491
1522
9578
5505
3785
9965
1888
900
4566
3793
7320
2362
3246
8889
9992
1059
601
7883
9421
305
1709
3148
8799
6727
2010
1018
8886
1243
8186
3818
499
8184
9811
4625
1096
7122
4976
5923
1674
5104
8423
325
9777
6156
1103
3373
7985
8923
7270
7772
3450
4376
9339
6280
1955
7161
8938
8740
2316
7989
5699
1562
7678
3062
6145
4922
2240
8066
6859
3427
48
7368
2676
8628
2841
2601
8937
936
3483
7619
2157
4272
4483
8293
7796
5174
8150
1439
2646
8697
723
1319
7332
8896
5050
6272
1267
8446
5878
2333
6970
8895
7568
4894
2400
500
4871
3253
1475
4675
3230
3261
4714
4994
8731
2275
1397
295
1158
1136
2291
5935
4913
6037
3400
4618
2679
7055
3541
2513
287
3965
1353
1155
3440
978
6938
5228
5116
9709
5341
6694
6373
1922
3965
3085
633
790
7360
8788
7168
2962
7175
3914
4914
5809
5573
3144
7370
14
2549
6757
3923
1178
9307
6832
1512
480
1918
2453
1650
4430
9550
4960
598
344
7543
5172
4204
1444
6872
8499
6622
1407
1410
9417
8571
8384
4500
5035
8034
2903
3255
8143
3951
2454
343
8987
2882
363
666
2483
8512
2447
2215
2097
441
8117
9484
5283
5371
8440
316
524
4154
2102
433
1916
8641
2244
3383
1597
9770
3861
1644
640
9419
438
2449
79
798
9667
2525
1851
6118
6805
7360
9303
3094
1764
913
3570
2792
1756
9907
405
8624
1756
9136
197
16
539
4325
144
2265
4410
1532
3674
940
5117
3872
7527
482
1725
8402
5172
8330
3553
3000
3099
9654
4466
9165
3319
5016
2781
2719
9837
3101
6319
1713
5294
304
1151
6312
8715
2845
2080
6398
2140
3433
9768
961
2241
4065
2580
3204
4845
3510
1624
2258
8020
9017
8359
5002
1157
1623
5585
337
9502
3826
9526
3232
4543
5588
8168
7581
1126
4263
6286
4184
1872
3158
4882
7590
1848
4541
9079
4574
2789
4111
9882
2854
1350
1340
8080
5853
207
2638
357
4451
2190
3224
5968
9298
2951
6948
6811
5581
893
4659
3564
909
5756
9145
7766
1471
3098
2389
4028
3521
1838
5276
3841
1820
6991
7471
2839
3619
1617
6244
4226
459
4851
2867
7135
8298
3553
4169
4951
61
5604
8927
4468
6665
9092
9912
5076
7732
769
7043
3806
6782
1814
3414
5793
3649
1636
9736
8382
5765
8004
9699
2284
7723
8029
2284
1730
6780
6019
3081
4305
3522
8903
2063
1145
6342
297
6222
7479
1928
5934
4415
6988
8995
529
3610
7786
4517
3790
695
7131
3123
3503
4308
6237
9263
7826
387
2012
2544
2731
7456
7531
2472
2408
8686
2683
5849
2660
5112
6206
735
7940
6362
5904
84
6920
6526
4246
917
5787
8060
3825
1103
1724
1100
6764
1553
9515
3323
4482
1811
9970
3233
3602
3066
6036
3197
2672
8867
6755
9430
8647
1593
152
9124
1402
7072
1987
4836
9187
675
6260
3171
9841
8467
894
8322
1050
4130
7691
4516
3395
4295
6330
861
1048
8829
5843
6828
7315
9838
9558
2037
6797
3817
9214
9929
6120
1685
6076
859
9320
5981
8332
6531
4194
4235
3232
3094
994
145
1471
316
2535
4782
1241
5266
6725
9242
1990
2101
948
4259
4033
7568
9560
7170
3136
2432
2409
7145
1682
2823
784
2512
9931
7553
4141
2024
1981
3480
3401
8536
4239
9434
6508
85
516
7808
5891
6922
9795
4858
4588
9283
8922
4848
6080
9911
2859
6961
1531
9048
241
6891
6621
1887
5744
9060
2925
4120
6647
6395
2630
9770
6036
6443
3161
2540
4367
1365
323
979
9231
4492
5121
574
5149
5729
4933
7442
7539
6620
9220
2597
950
8051
9546
4289
8093
3919
9727
6808
7178
3518
8877
8631
8358
2613
6361
8643
994
3140
1933
9706
925
566
7349
1346
263
6957
1922
4436
5117
5307
2587
5224
8173
9199
849
1684
7527
9477
7711
3986
2552
2712
9001
8493
6806
2341
2090
2768
3320
7746
9982
6438
671
3169
439
7597
2167
3916
4790
8751
4852
593
2739
9646
952
3287
8038
3253
7024
8593
2603
4712
1114
5374
6763
1153
6950
9279
1288
6970
756
8234
4096
9724
1250
5396
9186
9894
5531
6705
3520
8405
6621
7869
7806
6044
2284
3080
1755
5861
3978
8107
8871
6885
8162
3375
7943
9901
1758
2394
9255
3492
901
6257
2868
7999
7329
1600
7898
183
9281
1736
3267
857
1738
5864
8283
1372
100
2918
4623
1345
2978
5701
74
7124
2190
16
1734
831
303
2965
6238
6860
7140
5898
319
6604
777
9786
6492
608
564
5610
3650
16
926
6089
4982
613
5175
7773
1815
2026
4768
8041
5282
9653
2094
2817
5492
1380
6610
183
9351
3038
3106
571
9112
8235
3426
2662
9451
6699
7036
4670
323
3235
3913
2434
9091
2098
2701
5487
5244
1162
4519
666
4766
6050
5868
3203
1398
8043
9706
5810
3895
2764
4067
3336
3672
4666
7481
2150
2315
1904
6632
7351
396
8919
3460
4856
2461
8536
3773
1183
1277
2542
9618
8792
7230
4366
9006
1832
4701
9461
1301
4525
9007
7586
8457
7370
4863
59
6336
3367
979
1039
6814
9846
3267
8435
502
5517
5167
5492
1900
1205
9566
6464
1531
3288
4010
7312
2401
3953
1484
6445
4079
6658
5928
778
526
793
7262
8668
1220
3045
2001
4814
4484
1665
2225
7140
872
5133
4673
8905
4810
2069
2820
2516
2280
685
3646
1241
9998
8804
947
6933
28
7417
7187
5385
5153
8046
75
561
4069
5386
2070
249
4415
9750
9916
4198
5962
8568
1714
8496
4257
7287
2709
1717
1255
3803
439
9923
6917
5737
5898
1357
7791
6159
3626
7699
9831
5373
9847
3161
5825
5978
2101
9056
8218
5564
1707
6849
433
8629
6249
830
4379
1418
6608
6204
5656
1132
5337
4805
6554
6781
1273
1675
3537
2548
8354
3508
7
3392
6800
7282
2697
3711
3380
6486
8903
1358
9835
700
1155
3757
1450
7798
331
8170
8598
4285
7627
1283
4213
7770
2131
6842
6066
8324
9286
4153
7502
7198
1414
7503
12
6379
6488
9084
4326
5183
435
1203
6809
8481
7644
8249
3371
4584
9028
9732
5782
567
707
6739
2473
865
3974
3005
1383
283
6017
5189
1477
7176
8258
6487
5507
6418
7475
2270
330
1128
3643
9597
3837
8396
4549
578
4429
7468
4689
812
2801
6388
5341
2213
2109
6470
251
1371
9792
9780
4471
6139
667
1049
2853
2366
560
3619
408
8289
8725
206
7079
4353
6268
5029
6384
7366
3128
9754
7242
947
5625
1035
4929
686
3832
6832
735
4914
8822
1959
2320
2572
1685
6268
4580
6429
7173
690
9939
9522
7241
8775
298
3509
9621
1985
9144
962
7632
7742
1780
6200
1837
8640
1054
2547
1426
3912
5261
3576
2683
4470
1957
4945
4582
110
3146
3943
7824
6157
2052
634
5127
8812
3957
1401
7500
7407
6449
3302
7379
4662
4932
7185
2135
6700
6180
125
500
899
6343
5112
1601
1683
5107
1742
2691
918
7582
6128
6502
7463
7246
9801
9954
6819
9238
3671
6543
9556
4168
6380
2181
198
555
2161
2511
8590
4827
7931
1442
6906
666
6256
7375
6782
7313
447
4693
2189
7140
728
2452
8310
2465
2614
1137
9130
3120
8464
4868
5610
7171
275
363
2338
2651
2011
3489
2029
9173
7850
3802
4543
309
7835
6911
3436
6627
8695
1650
4319
1962
7539
2020
8068
670
9231
6313
2804
245
3843
2606
6241
7455
1645
7172
7250
8414
7624
3485
9409
5195
5090
9531
1651
5834
9799
6963
7753
4871
7565
3444
742
5110
2705
2196
3345
3263
7999
3880
167
963
6239
802
3910
5042
1426
2235
1763
8683
6925
8274
4665
3059
7253
3933
1581
6064
9872
6774
2102
4194
113
6221
2460
179
355
1952
5643
7639
6413
7352
3467
9602
3312
6274
3746
3777
512
4350
5387
2944
940
3585
4008
585
1751
2061
3159
7869
263
4568
1863
4854
2663
5954
9612
4383
6219
421
2826
7671
7506
8563
7094
3677
2425
9189
1128
9027
7502
5691
7857
2397
3398
2798
8559
581
445
8386
2903
5806
3619
846
1755
2645
8275
1462
2001
67
151
4037
1969
6949
1833
7828
5810
1986
1166
3631
2213
620
3875
728
1858
7814
6008
8436
5960
2008
973
8480
5639
4375
7623
108
9362
4578
9772
7288
7056
1378
7473
1542
6726
3692
6115
334
9927
2824
7706
7270
3346
6903
9044
6524
1005
1683
2801
2499
4857
5434
1473
6821
7065
2731
4442
1838
8298
2981
5530
3021
6229
9945
7247
1616
7919
3455
926
5259
3477
6064
1657
6633
3730
7049
1118
1384
6220
9236
7619
2690
9577
1319
3011
5445
2257
1785
3227
1075
6120
580
6949
6237
4813
9859
4356
8971
8594
9848
1187
5441
2357
3377
7263
8330
3622
1261
9556
6974
78
1482
473
2910
4467
9028
2580
9772
9215
407
6033
8982
6827
8380
700
17
8352
8203
7086
2362
2321
5300
661
2266
5797
552
3730
2327
2680
3099
6866
7929
3519
8530
752
1467
2349
937
8787
528
9415
6186
3656
8914
995
6213
4908
5316
7227
3536
8378
835
4784
3561
961
2118
959
1526
4791
522
3648
5494
2056
1709
8107
913
3648
1003
8808
1275
1282
8673
1953
374
5763
541
2061
2406
9168
8472
3414
4424
3086
2593
3005
5972
9358
5477
6390
9016
2782
6201
8182
6250
2792
8145
2756
6787
730
2191
680
7127
6317
8227
4755
7718
4755
1943
5545
809
665
771
8494
7236
4093
8421
4937
4285
4343
8046
453
1605
727
3116
8757
6945
2248
1601
7878
5452
8289
6763
10
2612
22
9645
6616
8404
7564
3402
1534
1527
9156
4936
7051
3783
9331
5014
147
6688
1481
2754
5640
3790
122
935
1601
4153
2039
3364
4173
1605
608
6328
3827
8080
3021
9211
2265
5151
4206
4535
1612
9331
8642
9419
4718
173
6013
7681
4447
3233
2224
5730
7007
596
6695
6062
1150
4406
4336
4182
2727
7143
3222
1720
7961
5056
4934
6219
9078
9399
957
8924
7204
1743
4388
563
390
7622
5532
2619
5312
3112
5707
183
3588
9899
7573
7533
5648
1880
4228
6262
5592
25
2747
2757
6549
4100
403
9403
8383
1802
3756
8526
9014
3797
5625
29
2804
9584
1801
7476
5842
9778
4440
4880
4586
2021
3757
1987
6320
8780
8666
1792
3890
7307
4343
4
5678
1142
1707
7871
6269
1487
7100
3368
9711
4142
5648
6078
7503
6745
1217
7811
9012
8243
6531
6284
5730
9644
7589
3075
3101
5749
9900
6464
6510
9442
1792
1305
6915
1953
1605
9378
3174
3139
1888
9918
23
7475
4489
6261
27
4785
8244
4882
768
8951
4347
107
2545
7169
2442
1834
5153
9489
7419
1669
1741
2682
5757
6578
7597
2311
5387
905
1165
4678
9300
2127
5425
144
2209
6169
6371
8159
9231
4479
365
1023
70
5431
5056
2817
7677
6023
2195
1726
634
1163
6173
1497
254
7203
6609
8852
1587
276
8308
8093
5818
2591
6012
5781
870
2432
6797
1442
2908
9347
4776
5062
8029
325
3767
6940
5196
353
9552
6273
2455
3165
8069
6762
7370
3549
7758
8648
7728
775
9329
8920
5232
2547
2637
6400
8426
6371
2276
1445
1348
3162
702
88
1404
4619
199
7546
5658
9983
5749
1726
5998
5549
1002
6401
5365
7070
8364
442
7678
497
5405
1857
6079
203
7314
2837
323
9951
4247
5545
1544
4133
7098
9747
8621
8678
5419
534
7674
8084
6783
5052
1499
9915
4345
6388
6887
636
1207
758
5173
3285
5876
4497
8894
1193
127
1149
5868
3230
5797
2746
1752
1045
3887
6136
2326
7719
1945
8813
6439
6305
9040
6652
1086
3219
2299
1211
2681
1380
1690
4848
9910
9161
8536
6585
1058
7593
3545
9935
6249
6597
4736
5955
8648
3464
3883
2602
4686
29
7352
4187
1075
7264
3963
6452
3414
1787
7583
2011
4846
2832
4440
5930
2711
7074
8466
2014
1960
3932
3030
4704
4457
357
4054
1666
3277
5437
5402
9510
5832
2000
753
8309
7706
8103
4992
1233
2071
6770
3788
2927
2691
8261
184
6402
9585
7069
3138
1433
2713
4922
2420
4111
4303
924
6631
1625
4699
8940
8387
1102
1344
5002
1375
8071
4253
5507
4658
7604
9130
4379
7714
8842
7407
1326
1630
6921
782
2218
4734
966
1713
1557
7361
6572
6959
348
715
489
5458
7320
8225
1734
632
1539
225
1170
2298
4421
3761
1550
8478
4154
2396
2445
5375
7130
4037
7548
9944
943
9316
7496
4824
3830
6646
1602
6324
8156
6758
5533
937
4770
5521
2374
7864
9452
2779
2318
1528
4488
4499
2601
6829
5364
7809
5807
4300
2818
131
7650
3876
5979
7450
8281
8284
3860
1099
710
6952
3682
6714
2798
91
5890
3529
6230
247
8529
4039
9007
9652
523
1241
3429
6007
5738
7710
21
5776
6658
8156
2498
234
7940
514
378
1473
3201
9459
9132
3486
4511
1729
6715
5798
9409
8706
9286
4101
639
5688
1313
4339
4684
775
2347
128
8340
5518
664
1090
3930
9049
1881
6414
3516
6412
9913
1356
6105
5246
4140
7093
7819
1055
2532
6115
6945
8899
3828
3801
8390
763
20
4046
3780
3412
7166
1613
2566
1890
5568
322
9317
7426
8897
3143
6502
9991
4284
8168
1960
3282
1271
8390
4557
1450
3562
601
7031
6142
4352
8616
515
1861
5938
6353
1123
9394
8876
7511
4058
4329
6786
3462
7108
4823
4166
1150
8667
6899
9553
3650
6467
291
6517
1997
1384
6139
9050
4345
3470
2475
4373
8438
7827
6634
42
8270
1682
1838
4865
2544
1686
2909
5612
18
7870
5847
6030
3156
9350
3159
2692
2733
8548
5730
5587
573
5620
8898
9475
7358
6995
1374
5245
1235
1392
5916
6365
6120
7124
3327
9830
8517
2946
990
2267
8497
1023
6573
8466
2821
2826
8460
2128
7340
3994
3867
6314
4507
3560
6059
4400
8268
3709
7595
1431
2490
7953
2014
7809
3188
2113
7728
3118
8721
5378
7952
8071
7419
6375
2887
4471
8153
4186
4315
1593
3510
6170
2928
768
5286
6539
5204
1189
6638
9248
4608
5390
4208
326
3450
922
3698
5728
9419
1330
556
5408
3153
370
2468
2392
3053
5194
4119
2860
3341
1350
1121
8994
5659
8799
7538
2847
9559
506
272
6227
8212
1570
3737
8973
836
5953
3510
3080
3163
367
4187
5435
8499
8177
2547
1104
4985
8758
798
3627
3096
6337
2173
8725
2420
3094
830
6613
2328
7962
9937
1732
572
9318
1771
7612
4798
5554
7820
8838
7230
2922
9088
6395
9505
8260
6361
112
5427
9136
8089
4705
2385
1206
9921
5845
2102
3149
5577
82
8392
1401
9966
3322
718
1667
7954
6459
9461
1004
1701
2495
2158
6774
5742
3172
7814
8550
4540
5869
4122
5191
7564
3757
4496
9606
4387
1484
3996
4296
5591
8055
1811
6684
6023
5668
1155
9989
1618
8252
9768
235
4359
2237
8101
482
8894
9522
891
1209
3715
6298
3753
7228
3159
5034
1140
8020
6180
9462
3724
282
2672
8274
662
3949
3970
6025
9046
7947
5726
2299
5101
1330
1718
1214
146
896
6923
3746
3575
2279
7868
3774
7291
3522
7795
3831
6580
8341
4493
4343
7808
6875
1746
229
1895
6745
1255
4414
668
655
1424
8959
4002
9559
8817
3560
6542
2405
6998
975
6771
354
8670
2781
6896
9147
8557
4766
7956
235
8094
8186
1722
7208
6510
1927
6725
7311
3964
4858
1293
9364
8359
3469
6294
3763
1562
5196
4631
1200
2551
1767
8666
5908
9838
2558
5308
7191
2575
3307
4456
8280
403
8314
5067
3165
5856
6084
5428
4362
2950
886
5250
6339
2017
704
335
5582
2509
840
675
6183
6674
4258
9027
8607
135
418
4245
6358
9639
6869
1304
8530
949
3290
3723
5761
7192
8865
2492
6097
3235
2688
7735
4046
9117
2832
6016
7131
2340
289
1556
1418
1799
2647
337
8755
9649
2977
4374
4002
6870
3743
1164
6243
6394
9282
949
3222
443
103
5097
8726
116
7562
9649
3719
5996
4243
5567
2460
1426
5536
159
9297
834
3948
766
536
4226
6497
2992
8317
9027
941
6819
7015
265
8144
2620
9968
3098
714
4050
4751
7826
5908
4250
8153
3695
8174
9745
497
8347
1645
8528
2296
6591
4519
1080
2827
4766
3320
5128
2309
4872
9331
7455
5649
6207
7467
1267
515
82
1169
2940
7904
2623
5471
1789
3767
2280
2698
7543
651
3575
6146
8120
1141
3380
9135
6536
969
2169
9769
866
887
3765
6963
9248
5832
2583
729
4818
108
3943
1522
2980
5883
8039
5479
1121
9628
785
8117
8112
6030
6787
5525
4105
2218
241
7200
8122
385
9817
5848
7933
5302
3386
9004
5285
7993
6763
4184
664
7201
4564
767
5264
6983
946
2645
7813
8609
5874
5748
1507
6110
8484
3745
630
9733
609
4693
168
4484
9919
9370
9023
9353
838
8507
3351
8528
1149
9087
9844
7040
5696
3722
2797
1221
1475
2190
2607
6480
9927
6779
6217
1063
1225
9456
4612
7090
5004
9908
8673
2849
8234
6860
2510
8592
9430
2586
9062
6180
9043
9976
5924
4777
347
34
7676
2506
666
1893
8258
5490
6599
2473
2789
5063
1247
857
5561
418
2009
4568
8829
3724
1492
5982
1875
1003
5666
5153
8757
2024
180
8721
4531
7766
2381
532
2325
6750
6217
7155
7314
7404
3891
9624
473
4082
8651
71
3599
1458
7532
207
9526
1583
1968
5420
4713
4015
8173
5910
8234
7365
8242
2166
6030
9346
3862
975
6836
1759
4794
2260
289
1764
7970
1208
6014
2140
9493
7470
9783
5714
2728
7525
474
7856
6577
1731
9540
9730
2944
2235
2034
159
7895
9666
8635
9966
1584
6314
2756
351
357
8149
4814
380
49
3030
3011
9510
4322
463
9791
7934
3043
7958
350
6418
6836
623
3355
7594
2374
8362
440
6691
376
2860
7246
1853
6830
6908
7134
555
810
6439
9212
2722
1642
9536
5177
6275
969
9915
7897
1160
7285
3318
3366
5569
7932
618
2489
2282
268
7192
6946
3108
6901
2676
8309
2554
9445
8963
2450
7409
4426
151
2741
5855
3800
1699
1146
9514
5111
547
7014
668
8496
4079
4444
7390
6166
3271
8356
8262
4206
278
1056
5324
2238
501
715
9886
2400
1323
4064
9650
8010
3203
6944
5807
1696
31
2036
4428
3439
744
8238
1315
3495
8204
5390
5013
5891
3982
9409
7070
57
5093
2885
384
9186
3560
4173
3623
7392
6558
8569
6798
3600
5792
6898
6605
6969
6291
377
5146
3581
1772
9992
770
9258
865
6600
7218
9969
97
3775
471
6126
8790
4432
2561
8922
2610
2605
2186
1848
4671
3481
7098
1294
138
2495
1578
1898
9869
650
3898
9189
944
9239
8263
8937
4548
6384
3406
2984
6674
8294
2180
753
6213
1595
235
960
102
4455
188
2843
812
2855
78
9952
9584
9224
8958
1298
8330
4258
9959
1192
2675
6088
242
2670
4372
2055
9823
4406
4119
2662
7985
4954
8859
422
5716
9215
5197
7845
5354
1612
7892
2414
7210
6536
3786
2601
7209
1368
6305
5954
8729
8164
8225
6083
5187
1718
8338
7709
306
8839
9394
7702
679
7985
5261
860
2713
5854
118
8282
8082
2282
5472
2236
4117
8736
5575
6330
2390
8885
587
3341
4267
9062
9340
419
6248
6421
7189
2382
395
4587
7241
49
9133
2183
3105
9199
3810
2086
4648
3991
7187
5485
2633
9165
3039
6480
4402
5739
8518
2208
333
3185
6768
9186
6479
1420
1735
6377
8260
3395
168
3864
319
4420
97
5281
2530
2610
8040
3709
4843
977
2573
1228
7339
141
2692
1127
8047
2781
423
6383
8843
2376
2976
9422
8748
4942
9964
2161
5113
5839
7795
2032
9279
285
99
8298
1055
1975
2058
2722
8718
8025
6969
7590
1320
3444
3090
1217
2491
7584
1354
3567
1037
5815
560
401
7343
7724
8815
1175
9390
7462
2422
4814
4865
711
2013
5776
2976
4162
3057
8908
1119
4674
2133
483
3816
8115
1703
8139
245
2950
7981
9643
4098
662
7894
6581
3694
9214
2290
2934
9319
2973
2110
128
4147
2911
1086
1134
7618
2442
4459
2581
7765
1053
1629
2106
2357
8558
9186
2903
9012
5215
5018
8166
6683
5116
2127
7986
9046
6909
9263
9311
3600
7926
5674
1438
3246
8867
6221
1703
364
5202
4076
4526
5596
486
7068
4194
2608
97
5882
3428
1914
6451
5000
7753
1953
6085
5924
291
9017
2923
810
6938
1690
4522
2484
877
7651
3911
5672
7435
606
9046
2144
7603
169
2502
2842
8614
7672
2807
2255
4628
3159
1078
4213
6552
3010
3471
4142
1504
3378
5183
1043
9140
9694
4198
5094
4194
3892
5199
5732
6173
5653
8570
9165
8520
3774
8971
8234
7597
2683
7250
2186
9657
5604
4199
2399
1142
5239
1203
7948
3812
8502
2771
4842
2543
2240
4802
4290
2907
8549
843
6227
4671
9578
6668
6285
2750
4122
1000
9229
7091
8389
7481
1207
542
2851
1672
7838
9464
9475
7379
2298
6859
4042
7246
6124
59
3588
9199
2044
7195
285
3482
8688
6074
7601
4257
2871
2062
2510
3383
9506
8527
1877
9372
2067
3710
5028
9526
2899
5504
6978
9024
3655
495
976
8971
437
850
2164
2067
1331
4341
4162
4863
4234
6975
5877
5987
9135
3575
5594
520
7377
2980
5379
8463
6877
458
7483
4008
3987
9248
3864
4793
711
1175
2799
2435
2617
7616
9634
899
4479
4678
9918
8015
955
6480
3736
8890
7200
779
391
3836
5663
2
3370
1977
8145
4382
1086
1111
671
2478
1580
5433
1085
2542
3886
6606
1648
5613
6255
5786
7092
2519
3985
1030
494
6483
1732
8752
201
1978
6731
8155
1136
9629
4683
843
923
5442
3830
677
2707
1548
8623
1376
3448
558
8038
8425
4241
5354
7863
972
1050
4186
2130
2213
4526
2491
3802
5279
8940
1733
7406
5817
5993
7941
5529
5994
3417
8631
2601
153
3131
7744
5899
4230
6743
591
8107
2994
712
8125
4431
6106
5164
861
6333
6728
279
2536
2293
6929
793
4925
1749
7948
6947
276
1898
3389
7858
1407
7428
1092
5366
7797
7565
4134
5705
2918
3300
6458
5846
1822
6816
1824
6038
2699
1628
9644
2279
4903
1017
5126
9809
3740
7694
1613
8571
5866
8290
6720
3951
5442
2063
7096
7369
1439
524
7699
137
327
9843
8428
4064
1879
8089
4910
2689
6339
2723
8556
1654
7813
5140
905
8901
171
4890
8016
4970
9868
6202
1388
3648
7521
8465
2942
1380
1053
3535
1156
2078
5237
1563
309
8963
5356
818
892
7344
7024
3380
500
7363
9898
9351
6355
5416
4472
8018
2848
6500
2820
6284
779
2334
4490
3353
1034
2395
2428
3812
5530
5634
2350
570
9701
3421
6193
1528
7064
7872
3139
3500
468
6801
5957
5370
6529
3726
3428
6871
6682
4683
3366
8440
417
1015
1997
2060
5301
3966
2034
946
9606
3520
9930
2369
7148
3065
772
946
4365
1418
7912
5927
4315
187
4458
70
2061
3115
7405
1439
8244
3792
5963
9659
3663
4888
2012
7452
9293
5250
9427
1104
5010
2752
3057
1377
2908
7433
4934
7541
4542
139
1696
9363
7264
3243
763
4365
5173
1021
436
6527
5894
5087
2051
6021
3995
8690
111
400
7892
9964
501
3591
2270
8886
9930
6503
8064
5581
1315
639
2549
2311
4809
3432
4769
9056
9285
7453
2620
5389
5555
2167
3017
8856
2137
5786
4914
8261
8359
3654
5320
1689
3558
6755
7532
93
7149
6579
3694
2254
448
1148
4032
4061
7109
1980
2743
2582
8926
2236
148
1067
1256
3872
9930
4657
7194
2405
3757
4584
9308
6795
9162
365
2021
3141
4882
3517
2054
6122
2177
769
7609
3408
9947
7677
1727
3481
4222
9172
1172
2580
9541
8518
4342
7566
6026
785
4304
5148
3668
6273
7549
4484
7353
2253
9024
9654
9645
8147
3288
4385
3003
1637
458
2907
9638
7884
9744
3391
5233
1201
8515
5167
5560
8611
2167
7277
323
742
5502
1751
6005
9410
9400
1358
4267
7109
8638
3356
7564
1333
5495
3484
2075
8808
9796
2328
2570
795
7785
1593
504
1641
8712
6915
9728
643
8619
3489
2329
181
1749
6401
298
3456
759
5291
8381
3842
1347
9402
6299
7819
4549
8392
5313
1147
8566
5234
8744
7154
3739
7570
1700
8556
1516
8623
1682
1500
7156
980
302
1464
3513
1402
5745
7861
6340
789
7011
662
5277
9332
8391
8884
1048
1936
4597
4500
3757
7770
4384
8208
6385
144
7237
138
3797
9641
3192
2008
5862
4760
3625
7696
5955
2067
8842
7866
7852
1218
7267
6823
8296
1832
8775
8656
4381
1756
7900
1179
2686
3288
4207
6003
7209
8495
2944
753
2845
4613
6660
4369
7297
4701
9150
1218
3892
3288
9154
5616
8167
8727
2063
8216
116
6318
4394
5215
7288
8636
6513
9427
396
9493
9970
8003
9979
352
9140
6810
1529
194
560
6141
2499
687
2960
5299
2270
3992
4291
1102
9474
1710
5434
7586
7789
4235
2564
5748
5481
9946
3955
5998
4158
1325
3675
3642
841
5359
1286
7857
1445
6605
4307
5301
3827
1493
3257
8785
34
8682
3088
2545
8895
156
5976
7426
7378
377
4937
2000
4533
8149
7545
674
8486
5735
9521
1143
6689
6966
5887
8733
2578
7912
400
3874
594
8042
6858
7377
4513
6287
8746
667
6609
5452
1634
2286
3805
3332
881
3040
5146
2053
1888
7798
1909
281
2825
3579
8637
7196
4816
5849
9118
3089
1226
1380
5672
1130
491
9422
8167
7712
1725
4181
1543
5250
4922
493
8642
1278
7526
9474
5268
802
3734
7182
4138
1910
9252
3176
6136
4098
3510
2947
9620
7935
6814
1956
2509
7972
1045
6999
4431
4442
1232
4071
6748
2402
5348
5871
4492
2092
5803
5659
6396
1213
9313
3507
8024
9324
9058
245
6682
2815
7133
1334
4601
24
6557
5229
3830
6113
5233
5095
8897
803
5294
921
8735
9483
8697
4540
5713
4681
7068
3483
8662
5294
7799
328
5261
8817
7544
5753
3818
715
1529
258
577
8282
4688
9165
3996
8861
9758
3068
475
134
7485
8081
1674
300
1441
9536
2604
6002
741
832
2080
7520
4714
7147
8306
3948
7992
4869
9635
2768
8809
6263
5640
5885
7908
2306
9642
4079
5814
1046
2694
1872
4441
4951
3214
5986
6807
7426
3928
8420
5729
672
785
7487
2464
3956
4569
7728
4740
9786
8492
7821
4320
6895
2744
9875
670
3665
8390
2102
2005
2001
2139
8738
5565
726
3751
5241
550
2722
2137
9465
6261
5441
1635
6236
1497
8480
3336
90
949
945
2314
7524
2760
963
268
1275
5623
9820
4446
7528
4437
7619
300
3080
642
1825
2468
1472
9114
9816
3351
7341
1329
9037
4334
1320
4393
1436
4122
3791
3950
125
349
5816
4040
2146
7886
3146
2018
2071
6650
7152
8112
9676
1744
1532
2237
2115
9618
2589
2272
1758
9276
7198
2986
9848
8982
2227
7492
6971
5854
162
125
155
1316
4164
9545
4038
2072
1317
2981
8792
5973
9241
9319
7167
668
2466
534
2168
8322
6292
4234
4525
295
2273
6217
7141
7630
3926
5832
8535
8116
2098
6251
1575
1694
608
8491
8648
5
4291
6839
3677
4518
2408
4870
9151
2300
8298
7644
1700
635
9309
4684
2627
3898
749
1364
5855
2210
5683
5038
491
1429
5968
192
587
2373
1268
4981
6630
1094
1452
4215
2292
4934
7748
9228
7965
7285
9866
2402
52
3386
4840
6573
210
9751
6259
2162
1173
746
3094
381
8091
9489
479
9886
9889
5042
2516
1334
7392
8794
6830
3526
1988
1087
6334
7348
4039
7274
6494
1662
6167
5984
4648
191
8828
471
212
225
5954
9861
1620
6094
7558
1858
5770
4075
5200
5567
9299
2507
8219
5298
8803
5592
2139
1381
1765
1640
2979
2668
8998
5281
5874
4008
4780
4529
8348
2782
8081
1559
14
340
2580
3042
6668
6931
2126
837
4871
212
9351
5112
5719
7608
1396
7129
2147
3755
8622
1149
4775
1513
9693
5880
3721
9724
4566
4355
2732
1274
6032
5505
843
5867
4679
6546
7831
4936
7789
9
3236
3254
6610
5862
5598
9934
6067
8744
8929
5962
2642
2106
5030
5165
8145
5533
2181
7468
5351
6394
5106
2478
1664
7549
8676
2719
8328
4400
4439
321
9403
6446
9404
6922
5192
7163
8811
1795
5831
40
2533
64
1228
7704
3476
7630
8650
7101
6785
648
2213
2829
173
7888
9889
743
9046
1069
8281
9770
7691
8947
4561
1762
4778
3868
9608
3330
4588
6229
1699
5091
1259
1069
8041
1711
3595
6521
7517
5120
6754
1913
4441
3226
8331
1809
7713
8345
3449
9589
2841
8249
2751
2410
9749
515
3341
1006
6728
8262
1765
9663
2675
1228
8364
329
8545
7375
6351
6475
3536
7312
2732
3590
2665
8028
2918
1645
5690
2110
107
2727
8011
212
9428
9873
871
5078
7363
9393
2089
4562
6353
3063
7459
7525
3006
3488
850
7949
456
8244
3931
8957
8491
6315
8826
766
3428
9865
1546
2017
4672
1330
7675
4959
6340
7679
5804
9168
7726
8790
2650
408
9850
6438
6519
1756
1393
6520
1494
5911
1337
8381
984
8027
2093
3271
6594
2846
5205
625
747
2736
1335
9622
2107
7588
1373
3144
3682
4764
4428
9200
7086
366
1705
2267
7390
3670
1463
7109
755
1288
9419
2397
150
5167
2928
4761
2244
7056
7539
9880
2100
4909
9797
7636
188
5464
4357
5000
6991
6235
2441
3041
1656
8273
1667
8485
658
6029
2702
5337
4321
5880
6827
380
528
892
1019
4587
3208
659
7065
2076
472
2627
467
7910
5438
2351
1588
1959
8368
8968
5625
8561
5089
2051
5609
4271
244
1216
5257
2236
280
2611
2969
583
2222
9691
4664
2568
8437
3837
5809
393
7430
3963
6710
6443
3148
2356
4328
8
2350
543
8192
9135
2605
6978
818
5888
2075
2880
5117
12
2124
306
7034
8898
9763
6085
6895
44
1042
6712
3123
3772
2020
6449
8588
107
4247
16
4926
5429
7874
545
1162
7523
5104
7485
7679
9638
1836
5607
4923
5062
9514
1652
4278
8346
3554
112
1050
6286
8849
6826
3498
4803
1313
335
4531
4830
5476
7019
1127
1653
6901
5849
4896
1569
3422
938
910
6357
3061
2650
2589
9214
6990
260
8736
1137
2877
9442
8944
1117
5730
3868
8589
6035
3532
4577
1701
8782
3542
8966
7910
9704
4497
9728
1045
806
4157
684
1591
9400
6499
4043
2076
6778
6971
6193
608
4761
1381
735
3505
869
7759
7189
6715
3470
3929
1827
8884
9099
1568
2987
2267
9407
9521
901
2962
6591
1299
4110
9938
2556
2882
336
8434
8731
1346
3883
9373
4075
3719
6786
4361
6682
7390
5295
6271
4787
2649
4264
7882
6734
9410
4937
2226
4823
8061
9035
2558
7138
3793
1183
6883
1601
9639
1986
5786
3202
537
5817
3030
6542
7651
9413
2252
6853
3425
3702
616
3119
5297
8145
5487
4151
3191
2577
7585
3
4058
3531
9609
4937
9358
3605
9445
4867
9168
6118
1557
6262
4077
2543
7738
9052
8214
7476
9963
5776
8662
794
7145
6037
5400
7823
4754
5861
1732
8010
1003
1094
5804
3779
2019
4808
3892
4651
883
193
339
4014
1013
790
185
1338
4320
3505
6341
1727
9962
1790
5476
7297
3282
9389
7663
5420
9247
9908
319
387
7068
4492
360
535
4291
5903
6023
8270
9784
8973
5661
3941
1566
9354
4679
6934
7575
2861
9897
1856
1693
4767
8631
6718
1151
2726
150
4563
7354
423
3074
5713
2164
7644
2710
759
2862
8757
1487
7494
1369
8492
3947
4669
7232
3621
8484
3857
2016
5502
532
6052
9167
3824
5599
465
1505
7091
8163
4948
1478
2532
2149
6718
8937
3264
2713
2999
3562
9555
5656
1123
1859
128
516
6998
429
7533
4977
8825
4110
43
4344
9163
3800
2502
3131
4226
3892
4029
3879
5765
4514
8809
8017
6871
231
1778
2994
5733
1001
1920
3675
5946
4942
7097
5321
337
2915
7866
1706
1480
266
1264
4799
1652
6791
8490
7404
9636
4155
20
9942
167
6265
9607
6296
799
2178
2347
1252
8989
1981
6298
5994
9903
7722
5644
1178
9210
1970
868
4272
6894
5421
7760
1735
5336
4840
3386
5589
1530
205
1648
9739
4942
6041
1423
394
8851
2975
2722
2722
1016
2674
9539
9114
3341
4919
8580
9545
9246
4755
4641
5586
1305
7018
9341
9539
1685
6677
9497
8688
7806
801
3450
7623
1380
2680
9177
848
952
3065
1548
3581
1485
2361
405
9028
7555
448
2002
405
7499
2072
8288
9963
2620
6981
1846
9568
529
2981
3166
2898
3798
9381
804
1543
4619
6275
596
7890
640
3117
9522
9662
8469
8653
1596
8043
3010
9316
3774
254
8560
1626
5244
7188
4528
5365
5440
6589
9883
1772
4464
5086
1347
530
281
327
7936
9641
2542
2756
2028
8935
9851
9402
78
792
955
1246
5753
2446
326
1562
7722
1376
6903
1966
6414
2263
8449
8779
5948
6760
1623
1462
3395
5860
5322
7190
3629
5064
1524
6076
3551
5248
9754
9429
1352
7152
843
1857
2816
8729
6328
2546
9054
2827
4037
573
5900
7339
960
1002
7480
9797
9502
6757
3156
3920
3270
8984
7496
5670
903
3798
2673
7650
6349
9705
7350
522
3832
4967
9671
294
1869
1664
336
4019
53
8304
8146
2919
9525
6183
3120
4579
3664
5753
4915
9954
2484
1446
1728
1519
1563
5693
5488
1193
7569
8120
1746
5708
6194
5374
5484
7848
9907
5743
9088
3945
2481
6458
3908
6850
5654
